1
3 7 4 0
6 5 3 0
10 5 3 1
5 1 2 0
8 2 2 0
8 7 2 1
1 10 1 0
5 3 1 1
4 5 1 0
3 9 1 0
3 3 4 1
3 10 3 0
5 6 3 1
7 7 2 1
5 1 2 1
8 1 2 1
10 6 1 1
9 8 1 1
3 8 1 0
1 5 1 0
1 4 2
2 1 5
1 10 9
2 2 3
1 6 3
1 2 10
2 4 5
2 6 7
2 5 7
2 4 7
2 3 7
2 2 4
1 7 9
2 7 2
1 5 6
1 5 7
1 5 8
1 8 9
2 9 8
1 2 3
2 8 10
1 9 10
2 1 7
1 3 1
2 1 1
1 7 7
1 7 8
1 3 4
1 2 4
2 7 9
1 3 5
1 3 6
1 3 7
2 9 4
1 3 3
1 2 8
2 8 5
2 8 6
1 3 8
1 7 5
2 9 5
1 5 10
1 6 10
2 8 4
1 4 10
1 3 10
1 1 8
2 7 5
2 6 5
2 9 3
1 4 1
2 8 8
2 8 7
2 2 2
1 5 2
1 6 2
2 8 2
2 8 1
1 5 1
1 8 4
2 9 2
2 10 5
2 10 6
2 10 7
2 3 10
1 9 6
2 3 9
2 3 1
1 1 9
2 1 10
2 5 3
2 4 1
1 6 4
2 1 4
1 1 1
2 6 1
2 5 1
